

[1, 4, 5, 6, 7, 10, 11, 12, 15, 16, 19]

1, 4, 5, 6, 7, 10, 11, 12, 15, 16, 19
      6, 7, 10, 11, 12, 15, 16, 19
      7, 10, 11, 12, 15, 16, 19
      7, 10, 12, 15, 16, 19

                 2 
                 |    
19, 16, 15, 12, 11,
                 |, 10, 
    19, 16, 15, 12, 

            2
            |        
  2- 10, 7, 6, 
              5
     2- 10, 7
    
          
          
     4-  5, 
  2- 10, 7, 6, 4, 1
  2- 10, 7,


[49, 48, 47, 46, 45, 42, 39, 38, 35, 34, 33, 32, 31, 28, 25, 24, 23, 20, 19, 18, 17, 14, 11, 10, 9, 8, 7, 4, 3, 2, 1]


49, 48, 
        47, 
    49,
        
    2-  47,
    1-  48, 46, 
    1-  49,

    4-  46,    
    2-  47, 45
    1-  48, 

    7-  45,
    4-  46, 44 
    2-  47,

    11- 44,
     7- 45, 43
     4  46,
        7-  45, 42, 39, 38, 35, 34, 33, 32

     7- 35,
            33,
     7- 34,

    14- 33
     7- 34 32
     7- 35