9301246
10039951
1876933
8783107
8039804
12741921
15205455
321589
2080580
4549233
16514967
7847673
15190917
8737929
15836343
1431776
6986282
3080319
15096706
9099486
8754701
15766168
12028357
16471819
16057966
15186559
8238202
11624894
4984918
10787812
7923012
12130928
2811149
8293078
15004673
15543348
15295516
16352737
14581588
13520886
2350892
9710522
7168392
6126608
13536237
182420
10126401
11734681
10152816
4067762
6066351
7170360
16279186
9692629
11945756
7706688
15231985
5353536
14854900
7740063
5393514
16462791
12043065
11037216
12922715
11140408
13485765
854419
8978199
8622531
6894188
2655650
9230167
1163428
14729577
6535976
8059730
3737679
1673513
585845
380383
8687775
9356493
16763681
15848516
7159384
464214
5844919
4065945
3824150
16532899
13222157
3755843
12797786
9820153
15759324
159947
15075553
3332567
4388339
3831374
1480608
16088460
9859152
7243282
15418131
9358026
5688912
4114204
2549058
13571118
4243301
12298600
7945467
11778665
11909560
1442857
14575137
11455082
1710235
15321513
1141943
5444983
1754850
5635220
13055086
15211733
2374853
909856
11687371
6381864
3614834
13688612
8367370
13165629
1065252
2898752
8963750
11449721
6145092
10640476
5133391
1159588
15697917
4429097
2012034
13953336
15979660
4848375
4077439
14405826
15866542
12253453
1465225
1120340
16695181
2986403
13949563
5711187
2001635
13366811
13932207
10633297
15505475
6936663
3312377
12313307
7742945
11306490
12979238
766580
12597177
5010215
3107797
9165360
9706110
1096843
11313891
6950547
7441512
16300014
5682366
16565115
13711316
7388658
835344
3562774
1481309
13418410
8420308
3311336
12591158
14630294
12505323
8565260
16495740
10818527
6744182
14684623
8860014
9568298
12147437
15501038
6534313
15497201
16115681
12108166
1439972
3441250
5236392
7777268
14247455
8187316
14050769
252058
14405533
2424163
9986391
7296388
12186313
8201262
6530252
9359026
15085497
756128
3803763
15228335
5304799
6684362
6724425
7902924
10844776
15079460
5341267
152901
7582621
13423338
15873112
12268319
13908723
10772992
6457384
12219249
5673816
3561780
1178621
3283279
2455764
7259368
13496415
1431123
4880066
3678050
6232292
1377591
2383991
8145820
14572987
7854765
536235
7374613
6913698
12968971
946089
14080071
6812957
9802755
13445886
6163805
3996965
4029692
12412990
10784348
13018479
6529590
6087000
14661237
10042249
1271850
16486663
13316379
6772364
14009630
5137146
8128636
5555706
180256
12796564
8074071
15037345
11706896
14675041
8781707
9838535
3786119
15360728
15117461
12855526
13382355
9877083
6411524
2245728
12675164
14108729
13520677
12795434
12994822
6159826
9589629
4598631
16274782
7373335
12702286
2668812
9204836
2168113
15515670
14597489
15843827
9845333
15600427
11821917
7564785
12803991
7020960
10367168
7257142
14174450
2696785
8844174
3403142
9065402
2547052
13434499
16203900
14788673
4266978
15459991
11240116
12784049
15352102
494302
10666233
6733250
4951837
16063561
11906433
8696964
4497542
9057118
14034899
16245041
5034516
12712044
2098937
14177727
6303052
7717122
9414476
4239577
15842715
8334497
4312325
8238816
5021519
11285643
8185682
7542699
6780174
10379371
9935005
12956130
15999485
2067772
7359263
14839599
16319761
1420880
1927344
11923381
969789
16745398
10888504
11001053
6493138
4742777
3112923
12054773
9185003
11025436
8829808
2158557
10326282
16017609
4445783
9974433
10614251
830510
10221641
1743308
15498037
8591811
10884393
9774627
3774241
3660669
11899466
15786619
6776631
1357631
2306816
7000442
12704290
12467576
5131692
14101588
9010945
3879756
7855825
3094988
14168849
13512292
9226235
12158027
12264266
6085941
3008406
12662823
9411174
7869952
9042171
740872
4801546
10719758
6997058
5703117
8473367
13622265
11091842
11706948
5954243
15151027
3818069
4827848
10870767
12465114
5467275
912102
11450680
1506997
12727575
1476375
12324976
10145694
9554485
10530292
5445305
7563529
13943534
12741699
9534756
5816738
9672689
13176288
7007629
9020663
5808596
8006307
13474479
9453584
6545564
1133365
3625378
11664689
341857
5837598
16702089
10524019
11725497
4163908
13136162
15798393
2761829
12762042
7909291
545711
16502413
11549888
10151680
5293254
1722262
10375863
4717861
4642800
13236570
6357239
1077021
15252310
3651142
14743961
16440283
15521748
8228979
9704852
2548510
11785363
10259874
14679762
1995873
13764972
8045153
12352650
2469532
6603835
12440176
9132654
4712760
2097476
4530138
6788405
12230833
14473146
7067857
10260353
9567585
10623783
10949069
9774886
3221659
6152728
2023671
6291877
9978508
12037048
13004072
15078601
8954490
15647348
8960349
4254558
11282895
3330724
9699505
5792591
1794256
11742060
16468579
14184343
16404795
15011456
14861461
2550531
431841
4141928
4846310
9223718
4380709
15019286
2625279
10868866
1519490
11257642
7901372
651400
7103372
16538683
9755738
7417072
2290566
16013724
13824922
3875240
14601067
11401445
5428630
5480619
10365523
13638964
8408152
5984519
9316702
14238632
2247188
13939092
3806920
10859768
1830429
12246789
14233709
3365706
14732931
932716
9198086
1809516
9661016
14409115
3298654
13289361
2792804
10665570
9067845
6260588
13743136
3608148
15228523
6584328
3355000
9923912
3566398
10726496
9145052
12923856
2388146
9855949
3792326
7226002
4331864
1461409
16445371
1989272
14393665
10350902
9790084
13021339
11864110
5234834
3529979
4254361
16674585
5240150
11905434
6358850
6150787
7933516
1169779
16035851
4545282
12154151
5697781
11361901
13338955
2294605
13522531
11180044
16322953
1137532
5616752
15252090
16052957
9235220
15403265
3316425
3296017
12193892
11707522
10368294
16755439
4066843
12297407
13777521
14787904
13781041
7463553
1325829
11380850
9676306
15171276
4135882
5392564
16021958
3839647
16474889
15169012
11642322
16627400
14977710
13446481
15742309
15056745
1379105
6160536
2528489
15303713
1456699
1720082
14421662
5953039
16497302
12585291
10498102
4733727
1195530
2786468
1308039
5279249
14569478
3642182
8962676
4030489
16521004
12499130
13677823
2069172
13317821
12808841
6035762
11530953
1752391
3049074
9295116
13807575
12993607
15881305
10132493
7954241
5097877
3131543
10443289
5721992
12612843
14762859
8609199
7026040
5527316
14863161
7914276
13279468
8291082
13615316
15138671
15117300
5687479
4759132
9323182
11737311
9325294
12784211
4780544
16745856
13464537
4261928
16545650
16730088
332315
6774300
12386090
718194
13052623
16684145
2352036
9452755
10100399
4559804
5642720
15044996
10342613
696059
11143913
4773531
4427985
10680616
5452725
4563879
3440168
4392266
161953
7504881
15541707
13531817
870418
8552931
9586845
7957600
13105599
11598351
8090063
6722472
5828373
13751730
9339518
11449927
9047762
7825435
6828795
3591689
891796
15396820
12791534
14705345
16516212
9869260
12166559
10448168
8857884
7498016
12617918
8201722
2111932
3819423
2045788
844051
4165737
16213056
12764629
12582805
12117492
4511300
15703071
14620198
16677437
9160673
11648798
3247093
3418153
15274636
2039176
8952987
13695484
7060558
6607410
665887
4281553
437900
7799498
11729705
9632515
11311857
6303625
15652869
8736557
10252346
16000141
7882591
14671134
5525938
6149522
9077418
4670867
12830009
599517
5002689
4873745
10092480
15054436
9404136
3301703
1170190
11559097
13728591
12402582
15287463
3928934
12305726
7070754
9750660
8542791
4321681
12065477
6381130
9549746
12280449
8243091
7188593
4556860
15037892
820046
8504744
6883205
6433480
1981001
13963676
16340609
7648064
16580208
1932783
5757059
12952440
8278807
11973379
8434087
4681913
2319129
6208737
4387863
12614077
10484045
12371765
15589425
5984112
8190498
6158073
5604041
16624222
285740
16776454
141888
14234359
7612167
8105303
7777479
6340408
4545696
8142672
10990768
4136866
10846996
6790887
3242362
11155012
7013878
9953536
13699630
12027194
14624355
10105287
3016031
9258376
1219497
5430836
1184347
3769115
6708136
11668834
7881489
15908548
4250624
11122322
10595452
12958285
3419443
2486589
11913641
1824063
6480038
3748009
9947339
15907259
1317631
6674421
6008930
6879120
13533154
2757004
12693752
3209248
4578148
12216678
12002486
1756853
4602534
16613220
14628313
7775948
14895399
11969146
6374860
15188842
761102
15622457
5352933
2977747
6460289
7433368
2022779
8202750
10059929
16751019
5707132
9267663
5268966
6660664
15649978
1074336
7592103
6059483
4863881
11875007
265994
2273678
4746940
15068003
3316605
13899062
16026250
9255737
15118356
12235208
13226887
8534263
14480249
16247403
5989265
1954413
16526938
5264101
2785373
1514057
8859033
9355586
12338751
8551214
8061851
13341597
14442929
11325203
3855367
14086280
12283469
10975632
10820142
7969865
6932482
11520148
11996379
8358625
12072106
1204275
10855420
14582109
16033382
13738842
13610672
12024992
6465475
9808878
9981121
15008605
11327241
5781636
14386762
9212031
9999342
9581524
1263997
3450329
4646769
8278595
8520171
2969684
5263007
4414282
2070653
4172379
10017756
5680903
16375948
8757920
2808920
3181380
739049
9871314
13661808
12422699
629919
4645137
14384885
4685626
6341193
9194093
3988637
4522114
1381258
1372118
4218705
1403388
2891235
7514982
1307248
11314842
4875404
8558817
3070684
12639745
14533993
5825466
15102247
7628311
1714984
2759150
14025508
15449157
5461976
5476418
9739225
3600129
2953943
16740215
5182182
3486810
15030012
1839412
11043434
1091934
13126423
815705
8520100
4724677
1505669
586369
3539126
2216691
9411743
4020589
8516713
10447423
15908623
3300879
15734043
2700439
12241343
6331331
7212958
10629119
6055705
14099529
5424978
12576211
5143995
13994948
13968294
12190369
3775816
16349953
1353152
3151191
2316349
14241522
8639275
2223306
15601386
7869986
2546990
14728184
7052162
1708431
1124290
8418339
12431144
14856493
11213842
9338795
241026
6586573
8326876
4493509
1618118
11961341
16437330
13556561
14087600
5747170
7138976
7444673
13512171
8220876
1432503
6152112
15051392
15968163
16541621
2088382
10262487
785659
1415407
8819063
6871911
4760562
13856390
3334777
11262452
14834063
8779861
6948776
5795189
6118829
14232587
14460178
11705639
7857130
6134114
7339328
15784513
16125806
8162217
7701224
11946463
563892
7803645
821381
10504780
12852926
6160687
10072585
12339381
7931509
5053064
4069828
10231169
16504595
2090882
5649372
8688417
12257495
6350571
8438508
9641493
10706742
1433082
13990946
15066915
15001874
9308780
12720346
15168340
633715
3129353
9162466
10150470
7980921
592803
12959407
7074716
6797860
5519404
1609570
16312832
16475559
5260111
14408466
16166449
16114682
12551356
2515404
12458176
5170244
14086753
2774718
159497
1995942
12110500
7739535
16148648
572132
5579012
13226788
825422
16129063
608136
11267628
1050199
6799867
16753895
771992
14022315
12981374
3988082
2196334
5445559
5220952
2534056
8921810
5779246
8721147
11317122
14516684
6706218
2142515
6572954
8924710
13110986
3360737
9527486
2726127
14650651
4375356
136883
671566
9395524
3328678
4428669
6870551
11122505
9934003
8257793
918814
6610589
8969340
15925128
1379163
13313727
1144823
6352727
6941450
13821877
8480362
11788916
4727936
950509
2748313
13695125
16461517
2643024
14222257
10495810
384622
2976194
2169948
3906887
7328526
14992935
5817521
7602132
12017120
7283262
4995888
9600750
15571306
3005994
6136335
9392959
8296824
995415
1272473
5611206
16096695
12819124
12866400
11549072
14643912
5028282
11919999
8968513
4262869
1322689
4253695
3851004
1159529
16546863
4697320
4665627
1882364
1540076
1580132
15695391
10476239
213040
13681043
7047743
15018193
1573454
2027943
7902785
7411930
7684994
1255922
766549
4765219
910068
9799792
12777535
2623705
4877137
13272702
3146307
12334776
11557655
9088015
12825110
13329422
12258990
1241575
4030824
7045359
9936828
4576761
8107680
4454993
2874334
14406157
671969
14203304
3287792
5094765
7296152
5861101
441455
5810773
6136486
475206
2102601
9290344
1377631
9080670
14069099
9598524
1863108
8744483
2940883
2928317
10010016
7795443
16204462
5732023
12119691
14364245
1927199
11887488
12033879
13359634
2358712
2863192
1175275
15118890
11061651
6952063
15716929
14285593
14008810
12688304
14029029
6305312
3909818
8040199
9657681
7541391
9666983
5684454
2097724
9431761
7196325
5829817
9511203
10265527
16302387
13957904
8199763
4170901
15078438
4501146
14453001
12279328
3325384
15704884
3104875
6485067
14312959
10364973
8596915
2757722
6416583
11798146
12256794
9943828
7152814
11853250
4553222
15865682
10418296
8361646
2486081
9775722
2771990
1176772
11692072
6234520
7672123
13387516
8824402
12415336
1288347
10072121
3449426
1623296
1538977
9161700
9374000
12392347
387308
4759350
6731883
6587610
4652363
7804639
13420656
10499396
13145370
7650933
9220358
9858644
5979148
2170695
2515022
2578522
13557049
4600295
8585669
16652311
15963183
3976405
2083873
3011889
6343465
2922073
14020781
16480714
12352587
420776
15532695
15122717
1158321
14104320
2786683
7472018
16052891
7935333
4408963
4801777
6522027
9940522
231298
13813027
11829565
8842847
15566228
7558324
13892437
9675704
8358442
3033995
7088202
4995391
5987249
3467618
16359305
15824827
3587971
795725
12643884
13997883
12050261
10164518
16667630
9089755
10890771
14461924
13367335
16617023
7542956
8100306
8617202
6951372
4848733
10089807
8511099
5874204
4256451
4151558
14413200
1830027
3918380
9842628
7958795
6263079
9606039
12731600
12102319
5805477
14976307
4126497
4281080
7886926
12932425
1990456
7235131
8198452
14601233
3502899
1815831
11970073
11999310
960114
9964690
14515943
7194680
8982914
6555832
12146585
12735448
8993594
4122777
15490488
10513617
3144869
13747615
5275068
5056341
5864979
6470648
14953370
2637347
10173384
7688090
4209926
2473281
15506396
12301005
9780953
4663944
6855815
10004917
12360996
232735
10432908
6640490
12972647
4559741
4206752
12383828
15995234
4880358
6770291
6714458
9750994
14183133
13123773
6276424
5383789
2119593
10562529
6872144
2018586
12926406
4660429
10478115
16536947
8218824
14971012
4815146
13148208
15019086
11151904
13022938
8290316
11137142
902504
15602881
8459597
5775983
5437149
3368969
3738604
15970789
9101798
9770912
3679457
5844060
6156776
8622544
16644322
532696
14156649
10699620
2314585
10974639
7908824
12647856
15245073
8834549
5047647
5527505
3836022
15558794
5328154
12438363
984823
15222425
15727924
10768242
10522481
13268785
6413535
3626967
13762585
10260348
16735669
8210887
13496996
9461810
10812391
1159155
1064700
11501304
9057456
8934090
8342784
11678359
13840848
10194015
5824067
1476916
6034746
16056550
11241209
2882877
3658500
15185779
6201983
9637380
12038243
4545563
944185
13756886
13448406
2510321
8082347
2090447
9895375
3844710
16351944
12749218
6704381
6983111
3629777
3590209
1844463
6199088
12261861
7098219
10198775
8705844
12051917
3945747
11474780
12104928
13906516
14391248
2265469
2893362
14923441
8438969
12909578
168261
1996124
2569834
9498010
7117734
2504646
16069705
8399561
2653948
15596327
8471517
680077
5484334
11329699
14359891
10979051
15650693
2125001
14868059
5071107
8672261
5655632
16586765
3049314
5145393
407981
7451551
10604497
16497892
2491398
3015565
2632246
6253969
2742166
16613631
11932615
4095057
14267755
11165033
10121405
1472156
16134144
4864910
15681461
15302716
14608096
3272583
11522388
3734057
3438870
6244320
1464636
4118890
7180235
2205784
14437142
14438646
11060207
11472519
16428694
14901379
11157089
864109
6190927
5392358
1410409
1200061
15929560
5512259
1943538
10073487
15864865
5682073
1395258
13491812
602086
5426602
13214751
3513654
1643295
9529364
7905941
5103566
11476118
2898089
173839
8840623
2766419
7644579
2301192
11883373
9080131
15376671
14733834
1228980
11711856
1607067
5694424
1800933
14919748
4031918
5678471
9398212
15811751
3021617
3488663
6209696
2385799
8971068
8078105
15082507
16131555
14210567
14073136
16642140
1863633
10370461
16580930
10914080
2075866
1457580
8171809
7142097
2846162
8014667
6477482
15802479
10538436
5199524
15953186
6558439
6533783
12153747
13358504
11874444
12447258
1698616
8519928
16038049
9429131
15159341
4166821
13691210
12009014
1739699
5102252
10500914
12386705
1447079
2159448
9767637
1139251
14312242
7951839
14049619
2119257
2105225
2240584
9640876
13443041
13236155
16278912
13843558
9016980
10750637
10466716
5861037
5056309
7968201
5026453
7385199
7287058
14045601
16017335
563230
776712
2719978
5154404
16576628
5792379
5838486
2921357
2391524
3422087
12651697
7659933
13046853
16560295
13021110
515649
3665094
1359655
10648211
15048158
262728
13205579
14973021
5556982
297469
10698371
1434348
746042
6696262
5313025
2548491
1019738
1578470
2821374
13207751
6311685
8920013
7093074
15202967
15074023
9781783
11155323
8896938
10817702
8279091
1419230
14574199
7567437
14146226
2067993
267261
10110106
13835717
11556410
16152469
6374410
6926383
13460796
16275525
16041856
2460966
9264031
10056859
11769515
7441534
15411918
13206236
7405132
2197375
7782676
3501599
6169770
6785979
8433676
3163472
3324019
10997105
14320658
14982307
2808175
3960391
1521592
3534870
3458111
1160297
12676194
7781319
4884079
11397020
16775195
3794625
12368400
5765722
14778419
2115499
9839320
13011599
2609056
9933406
6610624
2823531
9529105
2298583
15909851
11452778
1600110
10094387
10701032
4556454
14222306
15077553
2554109
3751313
14419685
6917237
7123007
9440300
16381293
4014543
12823414
8157202
7366210
646718
13793751
13374727
13403292
3436841
15139609
14301655
15287905
14310224
6074223
6196767
15912718
6283910
12003000
9285592
8716518
12671468
2988941
15861080
10007575
6894625
14086545
11816214
6069174
12163158
15318962
5977461
7549376
9078492
6285993
7580064
5617167
11806525
13747529
14832312
2848497
15761925
16576173
4762487
150822
8930737
3597738
15066591
13825884
325891
8785975
3707808
6443684
1142732
5181647
1943673
1066302
4315886
4863502
13960997
6782677
15620803
1103376
5942058
10378398
12494180
4059719
7002462
10921981
16106119
8240535
1971176
9790237
5232027
1896663
12466752
5191561
15713956
12999871
4126646
2795252
16499738
7483262
1308941
9115042
5512579
5372724
9451761
1171267
14219507
11728022
15124770
10982110
8167109
12458480
714941
11622209
1792006
5057982
582718
161660
2789088
14063855
5795729
378231
886307
15172314
3408637
7565052
5222305
4953018
5617278
13965208
13015419
16121186
6779370
5342848
13394639
1857695
16101421
4158224
6392154
15574922
7866067
2253751
4072845
9902527
11400756
10818037
1041023
9566761
3008469
4274641
14111916
13705910
2602166
3046242
12977942
545777
8811201
4739377
5538717
9664794
7984110
10542567
16167593
7604194
2564425
10171997
14596394
14408071
11744426
16255528
7052298
5952642
2556841
12801007
7249569
3276414
9497146
6075191
10346641
16107723
12146984
4905710
2561954
1771974
13935086
2503141
12477857
6537042
2026288
11037803
2871866
6866067
8838566
10948482
954080
7383973
4791637
8058550
14297201
1455671
11095165
13571136
8030480
10877262
11084304
9218072
6432263
13290627
12673572
6978768
4455151
2240394
2191736
9025618
10399347
8060071
9196274
12735054
13381388
10154020
16088269
1186274
8427756
10936008
14143544
10200864
1424133
2767729
4040473
11395907
6496659
7787014
6440422
16167649
16206348
304876
9029815
12415012
7620720
15970861
14413831
16346862
15434283
14149487
5566735
10213858
14000247
5739470
2090026
4418757
16448811
1684351
10860360
8943130
240175
9918213
8593465
7481008
9633683
15111598
15677517
9865676
15933245
1748116
1824214
4063997
1833373
4508299
1170910
10571460
12225898
11494564
5537466
5810502
8122272
7125277
8927239
11389125
7293274
12585432
16305204
11346159
5810372
5568611
14127046
6272836
14621354
16443135
5388616
15038319
4453505
10299354
15034150
2043919
396423
9543945
3861630
16409744
3766478
6235263
15521955
6364860
15828867
9341590
12692455
10062377
6114402
11229007
4502815
787522
16335562
10731973
11987831
8029318
6758911
12385722
12279087
4186516
12694624
5833867
619295
6817804
2030391
5398541
15441947
1062804
4616603
5632844
10797018
9355324
408193
14478661
944205
7042631
2583163
4666610
12326937
15174565
10518051
14559063
5352061
6034588
3413020
9542451
14373288
16254967
13299412
13381202
15067770
711073
13070298
16056670
7044249
14887101
3055218
13601903
14464440
6004621
8087144
338757
8129599
13617888
4142297
11905145
2863509
15599729
10168177
4154786
11447491
15523488
2783783
5240723
16205955
1588203
1910784
10228896
3455324
16111872
10178415
12692180
3120889
709823
16249684
1685705
9125060
15770972
11622450
2238647
16402021
13935793
7818058
16727570
12421860
804667
4716714
665044
9511416
14738543
7278345
9806922
3856462
14599155
6643242
14001137
1515157
10798330
7538729
13712286
5814672
2736964
14485668
8946122
16235686
16000863
12064745
16173937
14100970
14523784
834988
5347750
6223924
14319384
11421620
15009097
5152366
16139650
2944740
5091371
9689343
1872640
8124830
2269442
9945127
